90314	C1	1802117	1
90330	Q1	1802196	1
90356	S1	1802254	1
91977	Q1	1802175	1
91978	A1	1802129	1
91979	S1	1802245	1
91980	S1	1802229	1
91985	S1	1802125	1
91986	A1	1802142	1
91987	C1	1801901	1
91988	C1	1802183	1
91989	C1	1802128	1
91990	Q1	1802127	1
91991	A1	1801849	1
91992	V1	1802217	1
91993	A1	1802141	1
91995	Q1	1802155	1
91996	Q1	1802123	1
91997	C1	1802127	1
91998	Q1	1802199	1
92000	S1	1802230	1
92001	C1	1802238	1
92002	C1	1802239	1
92003	Q1	1802163	1
92004	V1	1802234	1
92005	S1	1802200	1
92006	V1	1802253	1
92007	S1	1802273	1
92008	A1	1802178	1
92009	S1	1802229	1
92010	C1	1802122	1
92012	A1	1802192	1
92013	S1	1802229	1
92015	S1	1802271	1
92016	Q1	1802199	1
92017	C1	1802227	1
92018	S1	0	1
92019	A1	1802138	1
92020	A1	1802143	1
92021	A1	1802142	1
92022	C1	1802240	1
92023	A1	1801874	1
92024	V1	1802132	1
92025	V1	1802133	1
92027	A1	1801868	1
92029	C1	1802215	1
92030	A1	0	1
92031	V1	1801865	1
92032	C1	1802207	1
92033	Q1	1802220	1
92034	C1	1802097	1
92035	A1	1802192	1
92036	V1	1802223	1
92038	C1	1801980	1
92039	S1	1802232	1
92040	V1	1802224	1
92041	Q1	1802123	1
92042	V1	1802244	1
92044	S1	1802005	1
92045	S1	1801900	1
92046	C1	1802127	1
92047	V1	1802097	1
92051	S1	1802009	1
92052	V1	1802181	1
92053	S1	1802227	1
92054	S1	1802230	1
92055	Q1	1802175	1
92056	Q1	0	1
92057	C1	1802240	1
92058	S1	1802210	1
92059	C1	1802189	1
92060	C1	1802229	1
92061	A1	1802036	1
92063	V1	1802243	1
92064	V1	1802243	1
92065	C1	1802189	1
92066	S1	1802130	1
92067	C1	1802125	1
92068	V1	1802228	1
92069	V1	1802149	1
92070	V1	1802244	1
92071	C1	1802240	1
92072	Q1	1802177	1
92073	S1	1802097	1
92074	V1	1802167	1
92075	A1	1802226	1
92076	C1	1802240	1
92077	C1	1802019	1
92078	V1	1802097	1
92079	S1	1802255	1
92083	S1	1802251	1
92084	A1	1801875	1
92085	V1	1802134	1
92086	C1	1802019	1
92087	S1	1802136	1
92088	S1	1801923	1
92090	S1	1802230	1
92092	S1	1801902	1
92093	A1	1802226	1
92094	A1	1801850	1
92095	S1	1802228	1
92096	V1	1802233	1
92097	C1	1802218	1
92098	Q1	1802165	1
92099	A1	1801849	1
92100	S1	1802251	1
92102	S1	1802177	1
92103	Q1	1802197	1
92104	S1	1801935	1
92105	V1	1801919	1
92106	C1	1802205	1
92107	V1	1802229	1
92108	V1	1802230	1
92109	C1	1801980	1
92110	V1	1802244	1
92111	A1	1802266	1
92112	S1	1802127	1
92113	S1	1802251	1
92114	C1	1801902	1
92115	S1	1802228	1
92116	C1	1802117	1
92117	Q1	1802125	1
92118	A1	1801845	1
92120	C1	1802153	1
92121	V1	1802263	1
92122	V1	1802112	1
92123	C1	1802122	1
92124	V1	1802208	1
92125	Q1	1802125	1
92126	S1	1802230	1
92127	A1	1802258	1
92128	A1	1801846	1
92129	C1	1802127	1
92130	S1	1802005	1
92131	Q1	1802199	1
92132	S1	1802232	1
92133	S1	1802131	1
92134	S1	1802208	1
92135	C1	1802125	1
92221	Q1	1802127	1
92222	S1	1801863	1
92223	A1	1802194	1
92224	S1	1802229	1
92225	S1	1802251	1
92226	V1	1802191	1
92227	V1	1802134	1
92228	C1	1802238	1
90314	C1	1802118	1
90330	Q1	1802179	2
90356	S1	1802230	1
91977	Q1	1802197	1
91978	A1	1802241	2
91979	S1	1802230	1
91980	S1	1802230	1
91985	S1	1802210	1
91986	A1	1802242	2
91987	C1	1801902	2
91988	C1	0	2
91989	C1	1802125	1
91990	Q1	1802128	1
91991	A1	1802038	2
91992	V1	1802233	2
91993	A1	1801845	2
91995	Q1	1802139	2
91996	Q1	1802175	1
91997	C1	1802197	2
91998	Q1	1802198	1
92000	S1	1802229	2
92001	C1	1802240	1
92002	C1	1802238	1
92003	Q1	1802179	1
92004	V1	1802263	2
92005	S1	1802232	1
92006	V1	1802254	2
92007	S1	1802180	2
92008	A1	1801866	2
92009	S1	1802200	2
92010	C1	1802118	1
92012	A1	1802193	2
92013	S1	1802127	1
92015	S1	0	2
92016	Q1	1802127	2
92017	C1	1802229	1
92018	S1	0	2
92019	A1	1802142	2
92020	A1	1802266	2
92021	A1	1802143	1
92022	C1	1802228	2
92023	A1	1801875	2
92024	V1	1802135	2
92025	V1	1802217	2
92027	A1	1802194	1
92029	C1	1802127	2
92030	A1	1802257	1
92031	V1	1801909	1
92032	C1	1802118	2
92033	Q1	1802196	2
92034	C1	1802159	2
92035	A1	1802225	1
92036	V1	1802112	2
92038	C1	1802118	1
92039	S1	1802211	1
92040	V1	1802233	2
92041	Q1	1802260	2
92042	V1	1802216	2
92044	S1	1802010	1
92045	S1	1802208	1
92046	C1	1802120	1
92047	V1	1802015	2
92051	S1	1802232	2
92052	V1	1802263	2
92053	S1	1801923	1
92054	S1	1802259	1
92055	Q1	1802139	2
92056	Q1	1802155	1
92057	C1	1802239	2
92058	S1	1802259	2
92059	C1	1802097	2
92060	C1	1802230	2
92061	A1	1802138	2
92063	V1	1802127	1
92064	V1	1802222	2
92065	C1	1802019	2
92066	S1	1802131	2
92067	C1	1802127	1
92068	V1	1802227	1
92069	V1	1802228	1
92070	V1	1802265	2
92071	C1	1801980	1
92072	Q1	1802197	1
92073	S1	1802210	1
92074	V1	1801909	2
92075	A1	1802225	2
92076	C1	1802238	1
92077	C1	1801980	1
92078	V1	1802134	1
92079	S1	1802254	1
92083	S1	1802246	1
92084	A1	1801877	2
92085	V1	1802269	2
92086	C1	1801980	1
92087	S1	1802192	2
92088	S1	1802251	1
92090	S1	1802133	2
92092	S1	1801901	2
92093	A1	1802225	1
92094	A1	1801849	2
92095	S1	1802229	1
92096	V1	1801919	2
92097	C1	1801917	2
92098	Q1	1802179	2
92099	A1	1801844	2
92100	S1	1802255	1
92102	S1	1802149	1
92103	Q1	1802154	2
92104	S1	1802259	2
92105	V1	1802181	2
92106	C1	1802190	1
92107	V1	1802230	2
92108	V1	1802229	1
92109	C1	1802019	1
92110	V1	1802234	2
92111	A1	1802038	1
92112	S1	1802125	1
92113	S1	1802125	2
92114	C1	1802134	1
92115	S1	1802229	1
92116	C1	1801980	2
92117	Q1	1802127	2
92118	A1	0	2
92120	C1	1802161	2
92121	V1	1802223	1
92122	V1	1802015	2
92123	C1	1802237	2
92124	V1	1802231	1
92125	Q1	1802261	1
92126	S1	1802232	1
92127	A1	1801874	2
92128	A1	1801852	1
92129	C1	1802019	1
92130	S1	0	2
92131	Q1	1802196	1
92132	S1	1802134	1
92133	S1	1802227	1
92134	S1	1802127	1
92135	C1	1802117	1
92221	Q1	1802165	2
92222	S1	1802180	2
92223	A1	1802195	1
92224	S1	1802230	1
92225	S1	1802246	2
92226	V1	1801917	2
92227	V1	1802015	1
92228	C1	1802240	2
90314	C1	1802119	1
90330	Q1	0	3
90356	S1	1802229	1
91977	Q1	1801953	1
91978	A1	1802242	3
91979	S1	1802127	3
91980	S1	1802227	3
91985	S1	1802229	1
91986	A1	1802038	3
91987	C1	1801980	3
91988	C1	0	3
91989	C1	1801980	1
91990	Q1	1802198	1
91991	A1	1802143	3
91992	V1	1802134	3
91993	A1	1801846	3
91995	Q1	1802197	3
91996	Q1	1801953	1
91997	C1	1802019	3
91998	Q1	1802154	3
92000	S1	1802251	3
92001	C1	1802118	1
92002	C1	1802229	3
92003	Q1	1802155	3
92004	V1	1802262	3
92005	S1	1802229	3
92006	V1	0	3
92007	S1	1802097	3
92008	A1	0	3
92009	S1	1802230	3
92010	C1	1802185	1
92012	A1	0	3
92013	S1	1802144	1
92015	S1	0	3
92016	Q1	1802155	3
92017	C1	1802230	3
92018	S1	0	3
92019	A1	1802158	3
92020	A1	0	3
92021	A1	1802266	1
92022	C1	1802237	3
92023	A1	1801846	3
92024	V1	1802189	3
92025	V1	1802151	3
92027	A1	1802195	1
92029	C1	1802144	3
92030	A1	0	3
92031	V1	1802231	3
92032	C1	1802185	3
92033	Q1	1802155	3
92034	C1	1802160	3
92035	A1	1802226	1
92036	V1	1802265	3
92038	C1	1802119	1
92039	S1	1802097	3
92040	V1	1801917	3
92041	Q1	1801953	3
92042	V1	1802005	3
92044	S1	1802236	3
92045	S1	1802127	3
92046	C1	1802122	1
92047	V1	1802184	2
92051	S1	1802211	3
92052	V1	1802262	3
92053	S1	1802259	1
92054	S1	1802134	1
92055	Q1	1802179	3
92056	Q1	1802154	1
92057	C1	1802238	3
92058	S1	1802230	3
92059	C1	1802185	3
92060	C1	1802227	3
92061	A1	1802038	3
92063	V1	1802264	1
92064	V1	1802184	3
92065	C1	1801919	2
92066	S1	1802251	3
92067	C1	1802118	1
92068	V1	1802222	1
92069	V1	1802206	1
92070	V1	1802264	3
92071	C1	1802019	1
92072	Q1	1802139	1
92073	S1	1802245	1
92074	V1	1802168	2
92075	A1	1802036	3
92076	C1	1802239	1
92077	C1	1802185	3
92078	V1	1802229	1
92079	S1	1802230	3
92083	S1	1802229	3
92084	A1	1802037	3
92085	V1	1802223	2
92086	C1	1802153	1
92087	S1	1802193	3
92088	S1	1802127	1
92090	S1	1802229	3
92092	S1	1801900	3
92093	A1	0	3
92094	A1	1801845	3
92095	S1	1802232	1
92096	V1	1802218	3
92097	C1	1802229	3
92098	Q1	1802154	3
92099	A1	1801845	3
92100	S1	1802254	1
92102	S1	1802228	3
92103	Q1	1802261	3
92104	S1	1802097	3
92105	V1	1802246	3
92106	C1	1802118	1
92107	V1	0	3
92108	V1	1802228	3
92109	C1	1802185	3
92110	V1	1802265	3
92111	A1	1802241	3
92112	S1	1802009	1
92113	S1	1802127	3
92114	C1	1801923	3
92115	S1	1802230	3
92116	C1	1802128	3
92117	Q1	1802128	2
92118	A1	0	3
92120	C1	1802162	2
92121	V1	1802229	1
92122	V1	1801909	3
92123	C1	1801980	3
92124	V1	1802234	1
92125	Q1	1802179	3
92126	S1	1802229	1
92127	A1	1801875	3
92128	A1	1801844	3
92129	C1	1802201	1
92130	S1	0	3
92131	Q1	1802155	1
92132	S1	1802180	1
92133	S1	1802273	1
92134	S1	1801900	1
92135	C1	1802249	1
92221	Q1	1802261	3
92222	S1	0	3
92223	A1	1801868	1
92224	S1	1802149	3
92225	S1	1802210	3
92226	V1	1802218	3
92227	V1	1802112	3
92228	C1	1802237	2
90314	C1	1802120	1
90330	Q1	0	4
90356	S1	1802245	1
91977	Q1	1802260	1
91978	A1	1802138	4
91979	S1	1802236	4
91980	S1	1802228	4
91985	S1	1802245	4
91986	A1	1802138	4
91987	C1	1802153	4
91988	C1	0	4
91989	C1	1802213	1
91990	Q1	1802206	4
91991	A1	1802037	4
91992	V1	0	4
91993	A1	1801844	4
91995	Q1	1802154	4
91996	Q1	1802127	4
91997	C1	1801980	3
91998	Q1	1802125	4
92000	S1	1802249	4
92001	C1	1802019	4
92002	C1	1802230	3
92003	Q1	1802166	4
92004	V1	1802227	4
92005	S1	1802230	4
92006	V1	0	4
92007	S1	1802210	3
92008	A1	0	4
92009	S1	1802227	4
92010	C1	1802127	4
92012	A1	0	4
92013	S1	1802246	1
92015	S1	0	4
92016	Q1	1801953	4
92017	C1	1802128	3
92018	S1	0	4
92019	A1	0	4
92020	A1	0	4
92021	A1	1801852	1
92022	C1	1802227	4
92023	A1	0	4
92024	V1	0	4
92025	V1	1802149	3
92027	A1	1802225	4
92029	C1	1802177	4
92030	A1	0	4
92031	V1	1802244	4
92032	C1	1802161	4
92033	Q1	1802154	3
92034	C1	1802230	4
92035	A1	1802193	4
92036	V1	1802231	4
92038	C1	1802206	1
92039	S1	1802235	4
92040	V1	1802223	4
92041	Q1	1802261	3
92042	V1	1802252	4
92044	S1	1802208	4
92045	S1	1802125	3
92046	C1	1802112	4
92047	V1	1802227	2
92051	S1	1802210	4
92052	V1	1802252	4
92053	S1	1802210	1
92054	S1	1802229	1
92055	Q1	1802154	4
92056	Q1	0	4
92057	C1	1802019	4
92058	S1	1802227	4
92059	C1	1802201	4
92060	C1	1802228	4
92061	A1	1802226	4
92063	V1	1802265	4
92064	V1	1802097	3
92065	C1	1802162	4
92066	S1	1802208	4
92067	C1	1802119	1
92068	V1	1802097	4
92069	V1	1802229	1
92070	V1	1802219	4
92071	C1	1802117	4
92072	Q1	1802125	4
92073	S1	1802133	4
92074	V1	1802224	2
92075	A1	1802178	4
92076	C1	1802237	4
92077	C1	1802201	4
92078	V1	1802230	1
92079	S1	1802229	4
92083	S1	1801901	4
92084	A1	0	4
92085	V1	1802227	4
92086	C1	1801979	4
92087	S1	1802191	4
92088	S1	1802010	4
92090	S1	1802232	4
92092	S1	1802246	4
92093	A1	0	4
92094	A1	1801844	4
92095	S1	1802210	1
92096	V1	1801909	4
92097	C1	1802230	3
92098	Q1	1802155	4
92099	A1	1801846	4
92100	S1	1802259	4
92102	S1	1802152	3
92103	Q1	1802220	4
92104	S1	1802210	4
92105	V1	1802233	4
92106	C1	1802019	4
92107	V1	0	4
92108	V1	1802223	4
92109	C1	1802204	3
92110	V1	1802263	4
92111	A1	1802142	4
92112	S1	1802230	1
92113	S1	1802210	4
92114	C1	1802127	4
92115	S1	1802249	4
92116	C1	1802125	4
92117	Q1	1802249	4
92118	A1	0	4
92120	C1	1802118	4
92121	V1	1802230	1
92122	V1	1801917	4
92123	C1	1802128	4
92124	V1	1802244	4
92125	Q1	1802127	4
92126	S1	1802228	4
92127	A1	1801852	4
92128	A1	1801849	4
92129	C1	1802206	1
92130	S1	0	4
92131	Q1	1802154	1
92132	S1	1802097	4
92133	S1	1802269	4
92134	S1	1802125	1
92135	C1	1802246	1
92221	Q1	1802177	4
92222	S1	0	4
92223	A1	1802225	4
92224	S1	1802097	4
92225	S1	1801901	4
92226	V1	1802136	4
92227	V1	1802097	4
92228	C1	1802239	2
90314	C1	1802162	1
90330	Q1	0	5
90356	S1	1802210	1
91977	Q1	1802139	5
91978	A1	1802183	5
91979	S1	1802229	4
91980	S1	1802249	5
91985	S1	1802251	4
91986	A1	0	5
91987	C1	1802177	5
91988	C1	0	5
91989	C1	1802206	1
91990	Q1	1802125	5
91991	A1	1802142	5
91992	V1	0	5
91993	A1	1802258	5
91995	Q1	1802163	5
91996	Q1	1802125	5
91997	C1	1802185	5
91998	Q1	1802139	5
92000	S1	0	5
92001	C1	1801980	5
92002	C1	1802227	3
92003	Q1	1802127	5
92004	V1	1802233	5
92005	S1	1802249	5
92006	V1	0	5
92007	S1	1802200	3
92008	A1	0	5
92009	S1	1802228	5
92010	C1	1802159	5
92012	A1	0	5
92013	S1	1802230	1
92015	S1	0	5
92016	Q1	1802261	5
92017	C1	1802127	3
92018	S1	0	5
92019	A1	0	5
92020	A1	0	5
92021	A1	1802251	5
92022	C1	1802238	5
92023	A1	0	5
92024	V1	0	5
92025	V1	1801919	5
92027	A1	1802136	5
92029	C1	1802159	5
92030	A1	1802136	4
92031	V1	1802223	5
92032	C1	1802153	5
92033	Q1	1802197	5
92034	C1	1802229	5
92035	A1	1802037	5
92036	V1	1802097	5
92038	C1	1802019	1
92039	S1	0	5
92040	V1	1802232	5
92041	Q1	1802220	5
92042	V1	1801909	4
92044	S1	0	5
92045	S1	1801902	3
92046	C1	0	5
92047	V1	1802264	2
92051	S1	1802209	5
92052	V1	0	5
92053	S1	1802149	1
92054	S1	1802180	5
92055	Q1	1802155	5
92056	Q1	1802164	5
92057	C1	1801980	5
92058	S1	1802251	5
92059	C1	1802128	5
92060	C1	1802117	5
92061	A1	1802156	5
92063	V1	1802097	5
92064	V1	1802229	5
92065	C1	1801980	5
92066	S1	1802236	5
92067	C1	1802122	1
92068	V1	1802233	5
92069	V1	1802177	5
92070	V1	1802221	5
92071	C1	1802162	5
92072	Q1	1802255	5
92073	S1	1802134	5
92074	V1	1802134	5
92075	A1	0	5
92076	C1	1802205	4
92077	C1	1802127	5
92078	V1	1802227	5
92079	S1	1802216	5
92083	S1	1801900	5
92084	A1	0	5
92085	V1	1802234	4
92086	C1	1802161	5
92087	S1	0	5
92088	S1	0	5
92090	S1	1802227	5
92092	S1	1802251	5
92093	A1	0	5
92094	A1	1802258	5
92095	S1	1802249	5
92096	V1	1802167	5
92097	C1	1801919	3
92098	Q1	1802260	5
92099	A1	1801850	5
92100	S1	1802127	5
92102	S1	1802128	3
92103	Q1	1802139	5
92104	S1	1802177	5
92105	V1	1802227	5
92106	C1	1802237	5
92107	V1	0	5
92108	V1	1802210	5
92109	C1	1802162	5
92110	V1	1802097	5
92111	A1	0	5
92112	S1	1801865	1
92113	S1	1802227	5
92114	C1	1802153	5
92115	S1	1802210	5
92116	C1	1802122	5
92117	Q1	1802154	5
92118	A1	0	5
92120	C1	1802215	4
92121	V1	1802222	5
92122	V1	1802218	5
92123	C1	1802127	5
92124	V1	1802184	5
92125	Q1	1802166	5
92126	S1	1802227	5
92127	A1	1801845	5
92128	A1	1802257	5
92129	C1	1801980	1
92130	S1	0	5
92131	Q1	1802260	5
92132	S1	1802230	5
92133	S1	1802224	5
92134	S1	1802251	5
92135	C1	1802206	1
92221	Q1	1802155	5
92222	S1	0	5
92223	A1	1802136	5
92224	S1	1802218	5
92225	S1	1801900	5
92226	V1	1802252	5
92227	V1	1801865	5
92228	C1	1802119	5
90314	C1	1802161	1
90330	Q1	0	6
90356	S1	1802097	1
91977	Q1	1802177	6
91978	A1	1801866	6
91979	S1	0	6
91980	S1	1802127	6
91985	S1	1802230	4
91986	A1	0	6
91987	C1	1802019	6
91988	C1	0	6
91989	C1	1802117	1
91990	Q1	0	6
91991	A1	0	6
91992	V1	0	6
91993	A1	1802257	6
91995	Q1	1802199	6
91996	Q1	0	6
91997	C1	1802213	6
91998	Q1	1802179	6
92000	S1	1802127	6
92001	C1	1802213	6
92002	C1	1802228	3
92003	Q1	1802125	6
92004	V1	1802184	5
92005	S1	1801917	6
92006	V1	0	6
92007	S1	0	6
92008	A1	0	6
92009	S1	1802246	6
92010	C1	1802125	6
92012	A1	0	6
92013	S1	1802251	1
92015	S1	0	6
92016	Q1	0	6
92017	C1	1802228	6
92018	S1	0	6
92019	A1	0	6
92020	A1	0	6
92021	A1	1802249	6
92022	C1	1802230	6
92023	A1	0	6
92024	V1	0	6
92025	V1	1802249	6
92027	A1	0	6
92029	C1	1802130	6
92030	A1	0	4
92031	V1	1802254	6
92032	C1	1802128	6
92033	Q1	1802176	5
92034	C1	1802117	6
92035	A1	1802036	6
92036	V1	1802184	6
92038	C1	1802127	6
92039	S1	0	6
92040	V1	1802216	6
92041	Q1	1802175	5
92042	V1	1802181	4
92044	S1	0	6
92045	S1	1802251	6
92046	C1	1802246	6
92047	V1	1802167	2
92051	S1	0	6
92052	V1	0	6
92053	S1	1802134	1
92054	S1	1802246	5
92055	Q1	1802197	6
92056	Q1	1802165	6
92057	C1	1802119	6
92058	S1	1802127	6
92059	C1	0	6
92060	C1	1802127	6
92061	A1	0	6
92063	V1	1802168	6
92064	V1	0	6
92065	C1	1802128	6
92066	S1	1802127	6
92067	C1	1802019	1
92068	V1	1802112	6
92069	V1	1802097	6
92070	V1	1802184	6
92071	C1	1802153	6
92072	Q1	1802261	6
92073	S1	1802230	6
92074	V1	1802221	5
92075	A1	0	6
92076	C1	1802130	4
92077	C1	1802118	6
92078	V1	1802228	6
92079	S1	1801864	6
92083	S1	1801902	6
92084	A1	0	6
92085	V1	1802097	6
92086	C1	1802162	6
92087	S1	1802217	6
92088	S1	0	6
92090	S1	1802228	6
92092	S1	1802227	6
92093	A1	0	6
92094	A1	1802257	6
92095	S1	1802230	6
92096	V1	1802181	6
92097	C1	1802239	6
92098	Q1	1802125	6
92099	A1	1801852	6
92100	S1	0	6
92102	S1	1802227	3
92103	Q1	0	6
92104	S1	1801900	6
92105	V1	1802128	6
92106	C1	1802125	6
92107	V1	0	6
92108	V1	1802184	6
92109	C1	1802161	6
92110	V1	1802219	6
92111	A1	0	6
92112	S1	1802208	1
92113	S1	1802252	6
92114	C1	0	6
92115	S1	1802251	6
92116	C1	1802206	6
92117	Q1	1802177	6
92118	A1	0	6
92120	C1	1802213	4
92121	V1	1802233	5
92122	V1	1802181	6
92123	C1	1802125	6
92124	V1	1802222	6
92125	Q1	1802197	6
92126	S1	1802251	6
92127	A1	1802257	6
92128	A1	1801845	6
92129	C1	0	6
92130	S1	0	6
92131	Q1	1802166	5
92132	S1	1802182	6
92133	S1	1802228	6
92134	S1	1802259	6
92135	C1	1802215	6
92221	Q1	0	6
92222	S1	0	6
92223	A1	0	6
92224	S1	1802127	6
92225	S1	1802230	6
92226	V1	1801865	5
92227	V1	1802222	6
92228	C1	1802122	6
90314	C1	1802160	1
90330	Q1	0	7
90356	S1	1802227	1
91977	Q1	1802196	6
91978	A1	0	7
91979	S1	0	7
91980	S1	1802246	7
91985	S1	1802134	7
91986	A1	0	7
91987	C1	1802134	7
91988	C1	0	7
91989	C1	0	7
91990	Q1	0	7
91991	A1	0	7
91992	V1	0	7
91993	A1	1801849	7
91995	Q1	1802198	7
91996	Q1	0	7
91997	C1	0	7
91998	Q1	0	7
92000	S1	0	7
92001	C1	1802196	6
92002	C1	1802205	7
92003	Q1	0	7
92004	V1	1802228	7
92005	S1	0	7
92006	V1	0	7
92007	S1	0	7
92008	A1	0	7
92009	S1	0	7
92010	C1	1802160	7
92012	A1	0	7
92013	S1	1802149	7
92015	S1	0	7
92016	Q1	0	7
92017	C1	1802117	6
92018	S1	0	7
92019	A1	0	7
92020	A1	0	7
92021	A1	0	7
92022	C1	1802229	7
92023	A1	0	7
92024	V1	0	7
92025	V1	1802251	7
92027	A1	0	7
92029	C1	1802125	7
92030	A1	0	7
92031	V1	0	7
92032	C1	1802190	7
92033	Q1	1802139	7
92034	C1	1802128	7
92035	A1	0	7
92036	V1	0	7
92038	C1	1802128	7
92039	S1	0	7
92040	V1	1802128	7
92041	Q1	0	7
92042	V1	0	7
92044	S1	0	7
92045	S1	1802259	7
92046	C1	1802159	7
92047	V1	1802168	2
92051	S1	0	7
92052	V1	0	7
92053	S1	1802125	1
92054	S1	1802097	7
92055	Q1	1802199	7
92056	Q1	0	7
92057	C1	1802237	7
92058	S1	1802209	7
92059	C1	0	7
92060	C1	1802128	7
92061	A1	0	7
92063	V1	0	7
92064	V1	0	7
92065	C1	1802127	7
92066	S1	1802246	7
92067	C1	1802212	7
92068	V1	0	7
92069	V1	1802127	7
92070	V1	1802229	7
92071	C1	1802181	7
92072	Q1	1802155	7
92073	S1	1802227	7
92074	V1	0	7
92075	A1	0	7
92076	C1	1802134	4
92077	C1	1802120	7
92078	V1	1802218	7
92079	S1	1801923	7
92083	S1	1802230	7
92084	A1	0	7
92085	V1	1801917	6
92086	C1	0	7
92087	S1	0	7
92088	S1	0	7
92090	S1	1802246	7
92092	S1	1802228	7
92093	A1	0	7
92094	A1	1801852	7
92095	S1	1802251	7
92096	V1	0	7
92097	C1	1802269	7
92098	Q1	0	7
92099	A1	1802258	7
92100	S1	0	7
92102	S1	1802230	7
92103	Q1	0	7
92104	S1	0	7
92105	V1	0	7
92106	C1	1801980	7
92107	V1	0	7
92108	V1	1802191	7
92109	C1	0	7
92110	V1	1802168	7
92111	A1	0	7
92112	S1	1802097	1
92113	S1	1802259	7
92114	C1	0	7
92115	S1	1802224	7
92116	C1	1802201	7
92117	Q1	1802112	7
92118	A1	0	7
92120	C1	1802185	7
92121	V1	0	7
92122	V1	1802191	7
92123	C1	0	7
92124	V1	1802205	7
92125	Q1	1802177	7
92126	S1	1802255	7
92127	A1	1801849	7
92128	A1	1802258	7
92129	C1	0	7
92130	S1	0	7
92131	Q1	1802261	7
92132	S1	0	7
92133	S1	0	7
92134	S1	0	7
92135	C1	1802134	7
92221	Q1	0	7
92222	S1	0	7
92223	A1	0	7
92224	S1	1802224	6
92225	S1	1802229	7
92226	V1	0	7
92227	V1	0	7
92228	C1	1802190	7
90314	C1	1802159	1
90330	Q1	0	8
90356	S1	1802134	8
91977	Q1	1802155	8
91978	A1	0	8
91979	S1	0	8
91980	S1	1802125	8
91985	S1	1802224	8
91986	A1	0	8
91987	C1	0	8
91988	C1	0	8
91989	C1	0	8
91990	Q1	0	8
91991	A1	0	8
91992	V1	0	8
91993	A1	0	8
91995	Q1	1802125	8
91996	Q1	0	8
91997	C1	0	8
91998	Q1	0	8
92000	S1	0	8
92001	C1	1802199	8
92002	C1	1802249	8
92003	Q1	0	8
92004	V1	0	8
92005	S1	0	8
92006	V1	0	8
92007	S1	0	8
92008	A1	0	8
92009	S1	0	8
92010	C1	1802128	8
92012	A1	0	8
92013	S1	1802224	8
92015	S1	0	8
92016	Q1	0	8
92017	C1	1802125	8
92018	S1	0	8
92019	A1	0	8
92020	A1	0	8
92021	A1	0	8
92022	C1	1802239	8
92023	A1	0	8
92024	V1	0	8
92025	V1	1802229	8
92027	A1	0	8
92029	C1	1801923	8
92030	A1	0	8
92031	V1	0	8
92032	C1	1802134	8
92033	Q1	0	8
92034	C1	1802206	8
92035	A1	0	8
92036	V1	0	8
92038	C1	1802159	8
92039	S1	0	8
92040	V1	1802135	8
92041	Q1	0	8
92042	V1	0	8
92044	S1	0	8
92045	S1	0	8
92046	C1	1802132	8
92047	V1	1802263	2
92051	S1	0	8
92052	V1	0	8
92053	S1	1802127	1
92054	S1	1802232	8
92055	Q1	1802123	8
92056	Q1	0	8
92057	C1	1802117	8
92058	S1	0	8
92059	C1	0	8
92060	C1	1802255	8
92061	A1	0	8
92063	V1	0	8
92064	V1	0	8
92065	C1	0	8
92066	S1	1802211	8
92067	C1	1802249	8
92068	V1	0	8
92069	V1	0	8
92070	V1	0	8
92071	C1	1802190	8
92072	Q1	1802123	8
92073	S1	1802132	8
92074	V1	0	8
92075	A1	0	8
92076	C1	1801893	8
92077	C1	0	8
92078	V1	0	8
92079	S1	1802232	8
92083	S1	1802227	8
92084	A1	0	8
92085	V1	1802259	8
92086	C1	0	8
92087	S1	0	8
92088	S1	0	8
92090	S1	1802130	8
92092	S1	1802229	8
92093	A1	0	8
92094	A1	0	8
92095	S1	0	8
92096	V1	0	8
92097	C1	0	8
92098	Q1	0	8
92099	A1	1802257	8
92100	S1	0	8
92102	S1	1802125	7
92103	Q1	0	8
92104	S1	0	8
92105	V1	0	8
92106	C1	1802240	8
92107	V1	0	8
92108	V1	1802224	8
92109	C1	0	8
92110	V1	1802227	8
92111	A1	0	8
92112	S1	1802129	1
92113	S1	1802208	8
92114	C1	0	8
92115	S1	0	8
92116	C1	0	8
92117	Q1	1802149	8
92118	A1	0	8
92120	C1	1802119	8
92121	V1	0	8
92122	V1	0	8
92123	C1	0	8
92124	V1	0	8
92125	Q1	0	8
92126	S1	1802130	8
92127	A1	1801846	8
92128	A1	0	8
92129	C1	0	8
92130	S1	0	8
92131	Q1	1802139	8
92132	S1	0	8
92133	S1	0	8
92134	S1	0	8
92135	C1	1802229	8
92221	Q1	0	8
92222	S1	0	8
92223	A1	0	8
92224	S1	1802134	6
92225	S1	1801902	8
92226	V1	0	8
92227	V1	0	8
92228	C1	1802205	8
90314	C1	1802127	9
90330	Q1	0	9
90356	S1	1802259	8
91977	Q1	1802127	9
91978	A1	0	9
91979	S1	0	9
91980	S1	0	9
91985	S1	0	9
91986	A1	0	9
91987	C1	0	9
91988	C1	0	9
91989	C1	0	9
91990	Q1	0	9
91991	A1	0	9
91992	V1	0	9
91993	A1	0	9
91995	Q1	0	9
91996	Q1	0	9
91997	C1	0	9
91998	Q1	0	9
92000	S1	0	9
92001	C1	1802175	9
92002	C1	1802112	9
92003	Q1	0	9
92004	V1	0	9
92005	S1	0	9
92006	V1	0	9
92007	S1	0	9
92008	A1	0	9
92009	S1	0	9
92010	C1	1802119	9
92012	A1	0	9
92013	S1	1802259	9
92015	S1	0	9
92016	Q1	0	9
92017	C1	1801917	9
92018	S1	0	9
92019	A1	0	9
92020	A1	0	9
92021	A1	0	9
92022	C1	1801923	9
92023	A1	0	9
92024	V1	0	9
92025	V1	1802232	9
92027	A1	0	9
92029	C1	1802122	9
92030	A1	0	9
92031	V1	0	9
92032	C1	0	9
92033	Q1	0	9
92034	C1	1802162	9
92035	A1	0	9
92036	V1	0	9
92038	C1	1802160	9
92039	S1	0	9
92040	V1	0	9
92041	Q1	0	9
92042	V1	0	9
92044	S1	0	9
92045	S1	0	9
92046	C1	0	9
92047	V1	1802223	9
92051	S1	0	9
92052	V1	0	9
92053	S1	1802224	1
92054	S1	1802249	9
92055	Q1	1802177	9
92056	Q1	0	9
92057	C1	1802190	9
92058	S1	0	9
92059	C1	0	9
92060	C1	0	9
92061	A1	0	9
92063	V1	0	9
92064	V1	0	9
92065	C1	0	9
92066	S1	0	9
92067	C1	1801917	9
92068	V1	0	9
92069	V1	0	9
92070	V1	0	9
92071	C1	1801919	9
92072	Q1	0	9
92073	S1	1801917	9
92074	V1	0	9
92075	A1	0	9
92076	C1	1802161	8
92077	C1	0	9
92078	V1	0	9
92079	S1	0	9
92083	S1	1802228	9
92084	A1	0	9
92085	V1	1802263	9
92086	C1	0	9
92087	S1	0	9
92088	S1	0	9
92090	S1	1802251	9
92092	S1	1802230	9
92093	A1	0	9
92094	A1	0	9
92095	S1	0	9
92096	V1	0	9
92097	C1	0	9
92098	Q1	0	9
92099	A1	1801874	9
92100	S1	0	9
92102	S1	1802196	9
92103	Q1	0	9
92104	S1	0	9
92105	V1	0	9
92106	C1	0	9
92107	V1	0	9
92108	V1	0	9
92109	C1	0	9
92110	V1	1802228	9
92111	A1	0	9
92112	S1	1802010	1
92113	S1	0	9
92114	C1	0	9
92115	S1	0	9
92116	C1	0	9
92117	Q1	0	9
92118	A1	0	9
92120	C1	1801979	9
92121	V1	0	9
92122	V1	0	9
92123	C1	0	9
92124	V1	0	9
92125	Q1	0	9
92126	S1	1802133	9
92127	A1	0	9
92128	A1	0	9
92129	C1	0	9
92130	S1	0	9
92131	Q1	1802165	9
92132	S1	0	9
92133	S1	0	9
92134	S1	0	9
92135	C1	1802210	9
92221	Q1	0	9
92222	S1	0	9
92223	A1	0	9
92224	S1	1802259	9
92225	S1	1802128	9
92226	V1	0	9
92227	V1	0	9
92228	C1	1802160	9
