90330
90356
90314
91977
91978
91979
91980
91985
91986
91987
91988
91989
91990
91991
91992
91993
91995
91996
91997
91998
91999
92000
92001
92002
92003
92004
92005
92006
92007
92008
92009
92010
92012
92013
92015
92016
92017
92018
92019
92020
92021
92022
92023
92024
92025
92027
92029
92030
92031
92032
92033
92034
92035
92036
92038
92039
92040
92041
92042
92044
92045
92046
92047
92048
92051
92052
92053
92054
92055
92056
92057
92058
92059
92060
92061
92063
92064
92065
92066
92067
92068
92069
92070
92071
92072
92073
92074
92075
92076
92077
92078
92079
92083
92084
92085
92086
92087
92088
92090
92092
92093
92094
92095
92096
92097
92098
92099
92100
92102
92103
92104
92105
92106
92107
92108
92109
92110
92111
92112
92113
92114
92115
92116
92117
92118
92120
92121
92122
92123
92124
92125
92126
92127
92128
92129
92130
92131
92132
92133
92134
92135
92221
92222
92223
92224
92225
92226
92227
92228
